02/16 05:03:42 AM | 
02/16 05:03:42 AM | Parameters:
02/16 05:03:42 AM | ALPHA_LR=3e-05
02/16 05:03:42 AM | ALPHA_WEIGHT_DECAY=0.0001
02/16 05:03:42 AM | BATCH_SIZE=64
02/16 05:03:42 AM | DATA_PATH=/home/a2sriniv/featurize/data/
02/16 05:03:42 AM | DATASET1=cifar10
02/16 05:03:42 AM | DATASET2=cifar100
02/16 05:03:42 AM | EPOCHS=50
02/16 05:03:42 AM | GPUS=[0, 1]
02/16 05:03:42 AM | INIT_CHANNELS=16
02/16 05:03:42 AM | LAYERS=8
02/16 05:03:42 AM | NAME=cifar
02/16 05:03:42 AM | PATH=searches/cifar
02/16 05:03:42 AM | PLOT_PATH=searches/cifar/plots
02/16 05:03:42 AM | PRINT_FREQ=50
02/16 05:03:42 AM | SEED=2
02/16 05:03:42 AM | W_GRAD_CLIP=5.0
02/16 05:03:42 AM | W_LR=0.025
02/16 05:03:42 AM | W_LR_MIN=0.001
02/16 05:03:42 AM | W_MOMENTUM=0.9
02/16 05:03:42 AM | W_WEIGHT_DECAY=0.0003
02/16 05:03:42 AM | WORKERS=0
02/16 05:03:42 AM | 
02/16 05:03:42 AM | Logger is set - training start
####### ALPHA #######
# Alpha - normal
tensor([[0.1249, 0.1252, 0.1249, 0.1249, 0.1249, 0.1252, 0.1249, 0.1250],
        [0.1249, 0.1251, 0.1250, 0.1250, 0.1252, 0.1249, 0.1250, 0.1250]],
       device='cuda:0', grad_fn=<SoftmaxBackward>)
tensor([[0.1249, 0.1253, 0.1250, 0.1250, 0.1249, 0.1250, 0.1250, 0.1249],
        [0.1251, 0.1247, 0.1249, 0.1253, 0.1248, 0.1249, 0.1251, 0.1253],
        [0.1250, 0.1250, 0.1249, 0.1251, 0.1252, 0.1250, 0.1251, 0.1249]],
       device='cuda:0', grad_fn=<SoftmaxBackward>)
tensor([[0.1250, 0.1249, 0.1250, 0.1250, 0.1250, 0.1251, 0.1249, 0.1251],
        [0.1250, 0.1249, 0.1251, 0.1249, 0.1249, 0.1253, 0.1252, 0.1248],
        [0.1250, 0.1250, 0.1251, 0.1248, 0.1251, 0.1250, 0.1251, 0.1250],
        [0.1250, 0.1251, 0.1250, 0.1251, 0.1251, 0.1251, 0.1249, 0.1248]],
       device='cuda:0', grad_fn=<SoftmaxBackward>)
tensor([[0.1250, 0.1250, 0.1249, 0.1249, 0.1251, 0.1250, 0.1249, 0.1252],
        [0.1250, 0.1252, 0.1252, 0.1248, 0.1250, 0.1249, 0.1248, 0.1251],
        [0.1251, 0.1251, 0.1250, 0.1251, 0.1248, 0.1250, 0.1249, 0.1249],
        [0.1249, 0.1250, 0.1250, 0.1253, 0.1251, 0.1251, 0.1247, 0.1249],
        [0.1251, 0.1251, 0.1252, 0.1249, 0.1249, 0.1251, 0.1250, 0.1249]],
       device='cuda:0', grad_fn=<SoftmaxBackward>)

# Alpha - reduce
tensor([[0.1248, 0.1249, 0.1249, 0.1251, 0.1250, 0.1250, 0.1251, 0.1251],
        [0.1250, 0.1248, 0.1249, 0.1252, 0.1249, 0.1250, 0.1249, 0.1251]],
       device='cuda:0', grad_fn=<SoftmaxBackward>)
tensor([[0.1251, 0.1249, 0.1252, 0.1249, 0.1250, 0.1250, 0.1249, 0.1250],
        [0.1250, 0.1249, 0.1250, 0.1251, 0.1251, 0.1249, 0.1250, 0.1251],
        [0.1250, 0.1250, 0.1250, 0.1249, 0.1250, 0.1250, 0.1250, 0.1252]],
       device='cuda:0', grad_fn=<SoftmaxBackward>)
tensor([[0.1251, 0.1247, 0.1249, 0.1252, 0.1252, 0.1249, 0.1251, 0.1249],
        [0.1250, 0.1250, 0.1250, 0.1251, 0.1253, 0.1249, 0.1249, 0.1248],
        [0.1250, 0.1252, 0.1250, 0.1250, 0.1251, 0.1248, 0.1251, 0.1249],
        [0.1250, 0.1251, 0.1251, 0.1249, 0.1248, 0.1251, 0.1250, 0.1250]],
       device='cuda:0', grad_fn=<SoftmaxBackward>)
tensor([[0.1250, 0.1249, 0.1251, 0.1251, 0.1251, 0.1249, 0.1250, 0.1250],
        [0.1252, 0.1249, 0.1251, 0.1251, 0.1250, 0.1249, 0.1249, 0.1249],
        [0.1249, 0.1250, 0.1251, 0.1250, 0.1249, 0.1250, 0.1250, 0.1252],
        [0.1250, 0.1249, 0.1250, 0.1251, 0.1250, 0.1251, 0.1250, 0.1249],
        [0.1249, 0.1251, 0.1250, 0.1251, 0.1248, 0.1251, 0.1249, 0.1251]],
       device='cuda:0', grad_fn=<SoftmaxBackward>)
#####################
02/16 05:03:59 AM | Train: [ 1/50] Step 000/078 Loss1 5.037 Prec1@(1,5) (7.8%, 62.5%)
02/16 05:10:31 AM | Train: [ 1/50] Step 050/078 Loss1 4.787 Prec1@(1,5) (26.3%, 79.9%)
02/16 05:14:05 AM | Train: [ 1/50] Step 078/078 Loss1 4.715 Prec1@(1,5) (28.4%, 81.4%)
02/16 05:14:05 AM | Train: [ 1/50] Final Prec1@1 28.4200%
02/16 05:14:05 AM | Valid: [ 1/50] Step 000/078 Loss1 2.318 Prec1@(1,5) (21.9%, 75.0%)
02/16 05:14:18 AM | Valid: [ 1/50] Step 050/078 Loss1 2.045 Prec1@(1,5) (29.7%, 80.4%)
02/16 05:14:24 AM | Valid: [ 1/50] Step 078/078 Loss1 2.027 Prec1@(1,5) (29.8%, 80.7%)
02/16 05:14:24 AM | Valid: [ 1/50] Final Prec1@1 29.8400%
02/16 05:14:24 AM | genotype = Genotype(normal=[[('sep_conv_5x5', 1), ('dil_conv_3x3', 0)], [('sep_conv_3x3', 1), ('sep_conv_5x5', 2)], [('dil_conv_3x3', 1), ('sep_conv_3x3', 3)], [('sep_conv_3x3', 3), ('sep_conv_3x3', 2)]], normal_concat=range(2, 6), reduce=[[('sep_conv_3x3', 1), ('dil_conv_5x5', 0)], [('max_pool_3x3', 0), ('sep_conv_3x3', 1)], [('sep_conv_5x5', 1), ('sep_conv_5x5', 0)], [('max_pool_3x3', 1), ('sep_conv_3x3', 0)]], reduce_concat=range(2, 6))
####### ALPHA #######
# Alpha - normal
tensor([[0.1250, 0.1251, 0.1249, 0.1249, 0.1249, 0.1252, 0.1249, 0.1250],
        [0.1249, 0.1250, 0.1249, 0.1250, 0.1252, 0.1250, 0.1250, 0.1250]],
       device='cuda:0', grad_fn=<SoftmaxBackward>)
tensor([[0.1250, 0.1252, 0.1249, 0.1250, 0.1249, 0.1250, 0.1250, 0.1249],
        [0.1250, 0.1246, 0.1248, 0.1253, 0.1248, 0.1250, 0.1252, 0.1254],
        [0.1249, 0.1249, 0.1248, 0.1251, 0.1252, 0.1250, 0.1251, 0.1250]],
       device='cuda:0', grad_fn=<SoftmaxBackward>)
tensor([[0.1250, 0.1249, 0.1250, 0.1250, 0.1250, 0.1252, 0.1248, 0.1251],
        [0.1249, 0.1248, 0.1250, 0.1250, 0.1250, 0.1253, 0.1252, 0.1250],
        [0.1249, 0.1249, 0.1250, 0.1249, 0.1251, 0.1250, 0.1251, 0.1251],
        [0.1249, 0.1249, 0.1250, 0.1252, 0.1250, 0.1251, 0.1249, 0.1249]],
       device='cuda:0', grad_fn=<SoftmaxBackward>)
tensor([[0.1250, 0.1249, 0.1248, 0.1250, 0.1251, 0.1250, 0.1249, 0.1252],
        [0.1249, 0.1251, 0.1252, 0.1249, 0.1250, 0.1249, 0.1249, 0.1252],
        [0.1250, 0.1250, 0.1249, 0.1252, 0.1249, 0.1251, 0.1250, 0.1250],
        [0.1248, 0.1249, 0.1249, 0.1254, 0.1251, 0.1251, 0.1248, 0.1250],
        [0.1249, 0.1250, 0.1250, 0.1249, 0.1249, 0.1252, 0.1251, 0.1250]],
       device='cuda:0', grad_fn=<SoftmaxBackward>)

# Alpha - reduce
tensor([[0.1249, 0.1249, 0.1249, 0.1251, 0.1250, 0.1250, 0.1251, 0.1251],
        [0.1250, 0.1248, 0.1249, 0.1253, 0.1249, 0.1250, 0.1250, 0.1252]],
       device='cuda:0', grad_fn=<SoftmaxBackward>)
tensor([[0.1252, 0.1249, 0.1251, 0.1249, 0.1250, 0.1250, 0.1249, 0.1249],
        [0.1250, 0.1249, 0.1250, 0.1251, 0.1251, 0.1248, 0.1250, 0.1251],
        [0.1250, 0.1249, 0.1249, 0.1249, 0.1251, 0.1250, 0.1250, 0.1252]],
       device='cuda:0', grad_fn=<SoftmaxBackward>)
tensor([[0.1252, 0.1247, 0.1249, 0.1251, 0.1252, 0.1248, 0.1251, 0.1249],
        [0.1250, 0.1249, 0.1250, 0.1251, 0.1252, 0.1250, 0.1249, 0.1248],
        [0.1250, 0.1251, 0.1251, 0.1249, 0.1250, 0.1249, 0.1251, 0.1249],
        [0.1250, 0.1250, 0.1251, 0.1250, 0.1248, 0.1251, 0.1250, 0.1250]],
       device='cuda:0', grad_fn=<SoftmaxBackward>)
tensor([[0.1250, 0.1250, 0.1250, 0.1251, 0.1250, 0.1249, 0.1250, 0.1249],
        [0.1252, 0.1249, 0.1251, 0.1251, 0.1250, 0.1249, 0.1249, 0.1250],
        [0.1249, 0.1250, 0.1251, 0.1250, 0.1249, 0.1250, 0.1250, 0.1252],
        [0.1250, 0.1249, 0.1250, 0.1251, 0.1251, 0.1251, 0.1250, 0.1249],
        [0.1249, 0.1250, 0.1250, 0.1251, 0.1249, 0.1251, 0.1249, 0.1251]],
       device='cuda:0', grad_fn=<SoftmaxBackward>)
#####################
02/16 05:14:33 AM | Train: [ 2/50] Step 000/078 Loss1 4.504 Prec1@(1,5) (39.1%, 89.1%)
02/16 05:20:51 AM | Train: [ 2/50] Step 050/078 Loss1 4.417 Prec1@(1,5) (37.0%, 88.3%)
02/16 05:24:24 AM | Train: [ 2/50] Step 078/078 Loss1 4.379 Prec1@(1,5) (38.7%, 88.9%)
02/16 05:24:24 AM | Train: [ 2/50] Final Prec1@1 38.7000%
02/16 05:24:25 AM | Valid: [ 2/50] Step 000/078 Loss1 1.850 Prec1@(1,5) (34.4%, 87.5%)
02/16 05:24:36 AM | Valid: [ 2/50] Step 050/078 Loss1 1.664 Prec1@(1,5) (41.8%, 88.7%)
02/16 05:24:43 AM | Valid: [ 2/50] Step 078/078 Loss1 1.692 Prec1@(1,5) (40.9%, 88.6%)
02/16 05:24:43 AM | Valid: [ 2/50] Final Prec1@1 40.9400%
02/16 05:24:43 AM | genotype = Genotype(normal=[[('sep_conv_5x5', 1), ('dil_conv_3x3', 0)], [('sep_conv_3x3', 1), ('sep_conv_5x5', 2)], [('dil_conv_3x3', 1), ('dil_conv_5x5', 2)], [('sep_conv_3x3', 3), ('dil_conv_3x3', 4)]], normal_concat=range(2, 6), reduce=[[('sep_conv_3x3', 1), ('sep_conv_3x3', 0)], [('max_pool_3x3', 0), ('sep_conv_3x3', 1)], [('sep_conv_5x5', 1), ('max_pool_3x3', 0)], [('max_pool_3x3', 1), ('sep_conv_3x3', 3)]], reduce_concat=range(2, 6))
####### ALPHA #######
# Alpha - normal
tensor([[0.1250, 0.1250, 0.1249, 0.1249, 0.1249, 0.1252, 0.1249, 0.1250],
        [0.1248, 0.1249, 0.1248, 0.1249, 0.1253, 0.1251, 0.1250, 0.1251]],
       device='cuda:0', grad_fn=<SoftmaxBackward>)
tensor([[0.1250, 0.1250, 0.1249, 0.1251, 0.1249, 0.1251, 0.1251, 0.1249],
        [0.1250, 0.1245, 0.1247, 0.1253, 0.1249, 0.1250, 0.1251, 0.1254],
        [0.1248, 0.1248, 0.1248, 0.1252, 0.1253, 0.1250, 0.1251, 0.1251]],
       device='cuda:0', grad_fn=<SoftmaxBackward>)
tensor([[0.1250, 0.1248, 0.1249, 0.1251, 0.1250, 0.1251, 0.1249, 0.1252],
        [0.1249, 0.1247, 0.1250, 0.1250, 0.1250, 0.1253, 0.1252, 0.1250],
        [0.1248, 0.1248, 0.1250, 0.1249, 0.1251, 0.1251, 0.1252, 0.1252],
        [0.1249, 0.1249, 0.1250, 0.1252, 0.1251, 0.1251, 0.1249, 0.1250]],
       device='cuda:0', grad_fn=<SoftmaxBackward>)
tensor([[0.1250, 0.1248, 0.1247, 0.1250, 0.1252, 0.1251, 0.1250, 0.1253],
        [0.1249, 0.1250, 0.1251, 0.1249, 0.1250, 0.1249, 0.1249, 0.1253],
        [0.1249, 0.1248, 0.1249, 0.1252, 0.1250, 0.1252, 0.1250, 0.1251],
        [0.1247, 0.1248, 0.1248, 0.1255, 0.1252, 0.1252, 0.1248, 0.1251],
        [0.1248, 0.1248, 0.1249, 0.1250, 0.1250, 0.1252, 0.1252, 0.1251]],
       device='cuda:0', grad_fn=<SoftmaxBackward>)

# Alpha - reduce
tensor([[0.1249, 0.1249, 0.1249, 0.1252, 0.1250, 0.1250, 0.1251, 0.1250],
        [0.1250, 0.1248, 0.1250, 0.1252, 0.1249, 0.1250, 0.1249, 0.1252]],
       device='cuda:0', grad_fn=<SoftmaxBackward>)
tensor([[0.1252, 0.1248, 0.1251, 0.1249, 0.1250, 0.1250, 0.1249, 0.1249],
        [0.1250, 0.1248, 0.1250, 0.1251, 0.1250, 0.1249, 0.1250, 0.1251],
        [0.1250, 0.1248, 0.1249, 0.1250, 0.1251, 0.1250, 0.1251, 0.1252]],
       device='cuda:0', grad_fn=<SoftmaxBackward>)
tensor([[0.1252, 0.1247, 0.1249, 0.1251, 0.1252, 0.1248, 0.1252, 0.1248],
        [0.1250, 0.1249, 0.1250, 0.1251, 0.1253, 0.1249, 0.1250, 0.1248],
        [0.1250, 0.1251, 0.1251, 0.1249, 0.1250, 0.1249, 0.1251, 0.1249],
        [0.1251, 0.1250, 0.1251, 0.1250, 0.1247, 0.1252, 0.1250, 0.1249]],
       device='cuda:0', grad_fn=<SoftmaxBackward>)
tensor([[0.1251, 0.1249, 0.1250, 0.1251, 0.1251, 0.1249, 0.1250, 0.1249],
        [0.1252, 0.1248, 0.1251, 0.1251, 0.1249, 0.1249, 0.1249, 0.1250],
        [0.1249, 0.1249, 0.1250, 0.1251, 0.1248, 0.1250, 0.1251, 0.1252],
        [0.1250, 0.1248, 0.1250, 0.1251, 0.1250, 0.1251, 0.1250, 0.1249],
        [0.1249, 0.1250, 0.1250, 0.1251, 0.1249, 0.1251, 0.1250, 0.1251]],
       device='cuda:0', grad_fn=<SoftmaxBackward>)
#####################
02/16 05:24:51 AM | Train: [ 3/50] Step 000/078 Loss1 4.446 Prec1@(1,5) (34.4%, 89.1%)
02/16 05:30:58 AM | Train: [ 3/50] Step 050/078 Loss1 4.211 Prec1@(1,5) (44.5%, 91.4%)
02/16 05:34:27 AM | Train: [ 3/50] Step 078/078 Loss1 4.182 Prec1@(1,5) (45.4%, 91.7%)
02/16 05:34:27 AM | Train: [ 3/50] Final Prec1@1 45.3600%
02/16 05:34:27 AM | Valid: [ 3/50] Step 000/078 Loss1 1.939 Prec1@(1,5) (29.7%, 90.6%)
02/16 05:34:40 AM | Valid: [ 3/50] Step 050/078 Loss1 1.510 Prec1@(1,5) (48.0%, 90.5%)
02/16 05:34:47 AM | Valid: [ 3/50] Step 078/078 Loss1 1.509 Prec1@(1,5) (47.5%, 91.1%)
02/16 05:34:47 AM | Valid: [ 3/50] Final Prec1@1 47.4800%
02/16 05:34:47 AM | genotype = Genotype(normal=[[('sep_conv_5x5', 1), ('dil_conv_3x3', 0)], [('sep_conv_3x3', 1), ('sep_conv_5x5', 2)], [('dil_conv_3x3', 1), ('dil_conv_5x5', 2)], [('sep_conv_3x3', 3), ('dil_conv_3x3', 4)]], normal_concat=range(2, 6), reduce=[[('sep_conv_3x3', 0), ('sep_conv_3x3', 1)], [('max_pool_3x3', 0), ('dil_conv_5x5', 2)], [('max_pool_3x3', 0), ('sep_conv_5x5', 1)], [('max_pool_3x3', 0), ('dil_conv_3x3', 3)]], reduce_concat=range(2, 6))
####### ALPHA #######
# Alpha - normal
tensor([[0.1250, 0.1249, 0.1248, 0.1250, 0.1249, 0.1253, 0.1249, 0.1251],
        [0.1249, 0.1248, 0.1248, 0.1249, 0.1254, 0.1251, 0.1251, 0.1251]],
       device='cuda:0', grad_fn=<SoftmaxBackward>)
tensor([[0.1250, 0.1249, 0.1248, 0.1252, 0.1249, 0.1251, 0.1250, 0.1250],
        [0.1250, 0.1244, 0.1247, 0.1253, 0.1249, 0.1250, 0.1251, 0.1254],
        [0.1247, 0.1246, 0.1247, 0.1253, 0.1253, 0.1251, 0.1252, 0.1252]],
       device='cuda:0', grad_fn=<SoftmaxBackward>)
tensor([[0.1251, 0.1247, 0.1249, 0.1251, 0.1250, 0.1251, 0.1249, 0.1252],
        [0.1249, 0.1246, 0.1249, 0.1250, 0.1250, 0.1254, 0.1253, 0.1250],
        [0.1247, 0.1246, 0.1249, 0.1250, 0.1251, 0.1252, 0.1253, 0.1252],
        [0.1248, 0.1247, 0.1249, 0.1252, 0.1252, 0.1252, 0.1249, 0.1251]],
       device='cuda:0', grad_fn=<SoftmaxBackward>)
tensor([[0.1250, 0.1247, 0.1246, 0.1251, 0.1252, 0.1251, 0.1250, 0.1253],
        [0.1249, 0.1249, 0.1251, 0.1249, 0.1251, 0.1249, 0.1249, 0.1254],
        [0.1248, 0.1247, 0.1248, 0.1253, 0.1250, 0.1252, 0.1251, 0.1252],
        [0.1246, 0.1246, 0.1247, 0.1255, 0.1253, 0.1253, 0.1248, 0.1251],
        [0.1246, 0.1246, 0.1248, 0.1250, 0.1251, 0.1253, 0.1252, 0.1252]],
       device='cuda:0', grad_fn=<SoftmaxBackward>)

# Alpha - reduce
tensor([[0.1249, 0.1248, 0.1249, 0.1252, 0.1250, 0.1250, 0.1251, 0.1250],
        [0.1250, 0.1247, 0.1250, 0.1252, 0.1250, 0.1250, 0.1249, 0.1253]],
       device='cuda:0', grad_fn=<SoftmaxBackward>)
tensor([[0.1253, 0.1248, 0.1251, 0.1249, 0.1251, 0.1250, 0.1249, 0.1249],
        [0.1250, 0.1248, 0.1250, 0.1251, 0.1251, 0.1249, 0.1250, 0.1251],
        [0.1250, 0.1247, 0.1248, 0.1249, 0.1251, 0.1250, 0.1252, 0.1252]],
       device='cuda:0', grad_fn=<SoftmaxBackward>)
tensor([[0.1253, 0.1247, 0.1250, 0.1252, 0.1252, 0.1247, 0.1251, 0.1248],
        [0.1251, 0.1248, 0.1250, 0.1251, 0.1253, 0.1249, 0.1250, 0.1249],
        [0.1250, 0.1250, 0.1251, 0.1249, 0.1250, 0.1249, 0.1252, 0.1249],
        [0.1251, 0.1249, 0.1251, 0.1250, 0.1248, 0.1252, 0.1250, 0.1249]],
       device='cuda:0', grad_fn=<SoftmaxBackward>)
tensor([[0.1252, 0.1249, 0.1249, 0.1251, 0.1251, 0.1248, 0.1249, 0.1249],
        [0.1252, 0.1247, 0.1251, 0.1252, 0.1249, 0.1249, 0.1250, 0.1250],
        [0.1249, 0.1248, 0.1250, 0.1251, 0.1249, 0.1250, 0.1251, 0.1252],
        [0.1251, 0.1248, 0.1250, 0.1251, 0.1250, 0.1252, 0.1250, 0.1249],
        [0.1249, 0.1249, 0.1249, 0.1252, 0.1249, 0.1252, 0.1250, 0.1251]],
       device='cuda:0', grad_fn=<SoftmaxBackward>)
#####################
02/16 05:34:55 AM | Train: [ 4/50] Step 000/078 Loss1 4.193 Prec1@(1,5) (39.1%, 89.1%)
02/16 05:41:30 AM | Train: [ 4/50] Step 050/078 Loss1 4.085 Prec1@(1,5) (49.8%, 92.9%)
02/16 05:45:00 AM | Train: [ 4/50] Step 078/078 Loss1 4.055 Prec1@(1,5) (50.0%, 93.0%)
02/16 05:45:00 AM | Train: [ 4/50] Final Prec1@1 49.9800%
02/16 05:45:00 AM | Valid: [ 4/50] Step 000/078 Loss1 1.582 Prec1@(1,5) (43.8%, 92.2%)
02/16 05:45:13 AM | Valid: [ 4/50] Step 050/078 Loss1 1.458 Prec1@(1,5) (47.2%, 92.7%)
02/16 05:45:20 AM | Valid: [ 4/50] Step 078/078 Loss1 1.451 Prec1@(1,5) (47.7%, 92.6%)
02/16 05:45:20 AM | Valid: [ 4/50] Final Prec1@1 47.7000%
02/16 05:45:20 AM | genotype = Genotype(normal=[[('sep_conv_5x5', 1), ('dil_conv_3x3', 0)], [('sep_conv_3x3', 1), ('sep_conv_3x3', 2)], [('dil_conv_3x3', 1), ('dil_conv_5x5', 2)], [('sep_conv_3x3', 3), ('dil_conv_5x5', 4)]], normal_concat=range(2, 6), reduce=[[('sep_conv_3x3', 0), ('sep_conv_3x3', 1)], [('max_pool_3x3', 0), ('dil_conv_5x5', 2)], [('max_pool_3x3', 0), ('sep_conv_5x5', 1)], [('max_pool_3x3', 0), ('dil_conv_3x3', 3)]], reduce_concat=range(2, 6))
####### ALPHA #######
# Alpha - normal
tensor([[0.1250, 0.1247, 0.1247, 0.1250, 0.1250, 0.1254, 0.1250, 0.1251],
        [0.1248, 0.1246, 0.1247, 0.1249, 0.1255, 0.1251, 0.1251, 0.1252]],
       device='cuda:0', grad_fn=<SoftmaxBackward>)
tensor([[0.1250, 0.1247, 0.1247, 0.1253, 0.1250, 0.1251, 0.1251, 0.1251],
        [0.1250, 0.1243, 0.1246, 0.1253, 0.1251, 0.1251, 0.1252, 0.1255],
        [0.1246, 0.1245, 0.1246, 0.1253, 0.1253, 0.1251, 0.1253, 0.1252]],
       device='cuda:0', grad_fn=<SoftmaxBackward>)
tensor([[0.1250, 0.1245, 0.1248, 0.1252, 0.1251, 0.1252, 0.1249, 0.1253],
        [0.1249, 0.1245, 0.1248, 0.1250, 0.1251, 0.1255, 0.1252, 0.1251],
        [0.1247, 0.1245, 0.1248, 0.1251, 0.1251, 0.1253, 0.1253, 0.1253],
        [0.1247, 0.1246, 0.1248, 0.1252, 0.1253, 0.1252, 0.1250, 0.1252]],
       device='cuda:0', grad_fn=<SoftmaxBackward>)
tensor([[0.1249, 0.1245, 0.1245, 0.1252, 0.1253, 0.1252, 0.1250, 0.1254],
        [0.1248, 0.1247, 0.1250, 0.1250, 0.1252, 0.1249, 0.1250, 0.1254],
        [0.1246, 0.1245, 0.1247, 0.1253, 0.1251, 0.1253, 0.1251, 0.1253],
        [0.1244, 0.1244, 0.1246, 0.1256, 0.1254, 0.1253, 0.1249, 0.1253],
        [0.1245, 0.1244, 0.1247, 0.1251, 0.1252, 0.1253, 0.1254, 0.1254]],
       device='cuda:0', grad_fn=<SoftmaxBackward>)

# Alpha - reduce
tensor([[0.1250, 0.1248, 0.1248, 0.1252, 0.1250, 0.1250, 0.1252, 0.1250],
        [0.1250, 0.1246, 0.1250, 0.1252, 0.1250, 0.1249, 0.1251, 0.1253]],
       device='cuda:0', grad_fn=<SoftmaxBackward>)
tensor([[0.1254, 0.1247, 0.1251, 0.1249, 0.1252, 0.1250, 0.1249, 0.1248],
        [0.1250, 0.1247, 0.1251, 0.1251, 0.1251, 0.1249, 0.1250, 0.1252],
        [0.1250, 0.1246, 0.1248, 0.1249, 0.1252, 0.1251, 0.1252, 0.1253]],
       device='cuda:0', grad_fn=<SoftmaxBackward>)
tensor([[0.1254, 0.1246, 0.1250, 0.1252, 0.1253, 0.1247, 0.1251, 0.1247],
        [0.1250, 0.1247, 0.1250, 0.1251, 0.1253, 0.1249, 0.1251, 0.1249],
        [0.1250, 0.1248, 0.1250, 0.1249, 0.1251, 0.1249, 0.1252, 0.1250],
        [0.1250, 0.1248, 0.1250, 0.1251, 0.1248, 0.1252, 0.1250, 0.1249]],
       device='cuda:0', grad_fn=<SoftmaxBackward>)
tensor([[0.1253, 0.1249, 0.1249, 0.1251, 0.1251, 0.1248, 0.1250, 0.1248],
        [0.1252, 0.1246, 0.1251, 0.1253, 0.1250, 0.1250, 0.1249, 0.1250],
        [0.1249, 0.1246, 0.1250, 0.1251, 0.1249, 0.1251, 0.1252, 0.1252],
        [0.1250, 0.1246, 0.1249, 0.1252, 0.1250, 0.1253, 0.1251, 0.1249],
        [0.1248, 0.1247, 0.1249, 0.1252, 0.1250, 0.1252, 0.1251, 0.1252]],
       device='cuda:0', grad_fn=<SoftmaxBackward>)
#####################
02/16 05:45:28 AM | Train: [ 5/50] Step 000/078 Loss1 3.860 Prec1@(1,5) (56.2%, 95.3%)
02/16 05:51:26 AM | Train: [ 5/50] Step 050/078 Loss1 3.951 Prec1@(1,5) (53.1%, 94.0%)
02/16 05:54:46 AM | Train: [ 5/50] Step 078/078 Loss1 3.928 Prec1@(1,5) (53.3%, 94.3%)
02/16 05:54:46 AM | Train: [ 5/50] Final Prec1@1 53.2800%
02/16 05:54:46 AM | Valid: [ 5/50] Step 000/078 Loss1 1.286 Prec1@(1,5) (51.6%, 95.3%)
02/16 05:54:58 AM | Valid: [ 5/50] Step 050/078 Loss1 1.366 Prec1@(1,5) (51.5%, 93.9%)
02/16 05:55:04 AM | Valid: [ 5/50] Step 078/078 Loss1 1.357 Prec1@(1,5) (52.0%, 93.9%)
02/16 05:55:04 AM | Valid: [ 5/50] Final Prec1@1 52.0000%
02/16 05:55:04 AM | genotype = Genotype(normal=[[('sep_conv_5x5', 1), ('dil_conv_3x3', 0)], [('sep_conv_3x3', 0), ('sep_conv_5x5', 2)], [('dil_conv_3x3', 1), ('dil_conv_5x5', 2)], [('sep_conv_3x3', 3), ('dil_conv_5x5', 4)]], normal_concat=range(2, 6), reduce=[[('sep_conv_3x3', 0), ('sep_conv_3x3', 1)], [('max_pool_3x3', 0), ('dil_conv_5x5', 2)], [('max_pool_3x3', 0), ('sep_conv_5x5', 1)], [('max_pool_3x3', 0), ('dil_conv_3x3', 4)]], reduce_concat=range(2, 6))
####### ALPHA #######
# Alpha - normal
tensor([[0.1250, 0.1245, 0.1246, 0.1250, 0.1251, 0.1256, 0.1250, 0.1251],
        [0.1248, 0.1245, 0.1246, 0.1249, 0.1256, 0.1252, 0.1252, 0.1252]],
       device='cuda:0', grad_fn=<SoftmaxBackward>)
tensor([[0.1250, 0.1245, 0.1245, 0.1255, 0.1251, 0.1251, 0.1252, 0.1251],
        [0.1249, 0.1241, 0.1245, 0.1254, 0.1252, 0.1251, 0.1252, 0.1255],
        [0.1245, 0.1243, 0.1246, 0.1254, 0.1254, 0.1252, 0.1253, 0.1253]],
       device='cuda:0', grad_fn=<SoftmaxBackward>)
tensor([[0.1250, 0.1243, 0.1246, 0.1253, 0.1251, 0.1252, 0.1251, 0.1253],
        [0.1249, 0.1243, 0.1247, 0.1250, 0.1251, 0.1256, 0.1253, 0.1251],
        [0.1246, 0.1243, 0.1248, 0.1251, 0.1251, 0.1253, 0.1254, 0.1254],
        [0.1246, 0.1244, 0.1247, 0.1253, 0.1254, 0.1253, 0.1251, 0.1253]],
       device='cuda:0', grad_fn=<SoftmaxBackward>)
tensor([[0.1249, 0.1243, 0.1244, 0.1253, 0.1253, 0.1252, 0.1251, 0.1255],
        [0.1248, 0.1245, 0.1249, 0.1251, 0.1253, 0.1249, 0.1251, 0.1255],
        [0.1245, 0.1243, 0.1246, 0.1254, 0.1252, 0.1254, 0.1252, 0.1255],
        [0.1243, 0.1242, 0.1245, 0.1257, 0.1255, 0.1254, 0.1250, 0.1254],
        [0.1243, 0.1242, 0.1245, 0.1252, 0.1253, 0.1255, 0.1256, 0.1255]],
       device='cuda:0', grad_fn=<SoftmaxBackward>)

# Alpha - reduce
tensor([[0.1251, 0.1247, 0.1248, 0.1253, 0.1251, 0.1249, 0.1252, 0.1250],
        [0.1249, 0.1245, 0.1250, 0.1251, 0.1250, 0.1249, 0.1251, 0.1254]],
       device='cuda:0', grad_fn=<SoftmaxBackward>)
tensor([[0.1255, 0.1247, 0.1251, 0.1249, 0.1252, 0.1250, 0.1249, 0.1248],
        [0.1250, 0.1246, 0.1251, 0.1251, 0.1251, 0.1250, 0.1250, 0.1252],
        [0.1250, 0.1244, 0.1248, 0.1249, 0.1252, 0.1251, 0.1253, 0.1253]],
       device='cuda:0', grad_fn=<SoftmaxBackward>)
tensor([[0.1255, 0.1246, 0.1249, 0.1251, 0.1254, 0.1247, 0.1252, 0.1247],
        [0.1251, 0.1246, 0.1250, 0.1251, 0.1253, 0.1249, 0.1250, 0.1250],
        [0.1250, 0.1247, 0.1250, 0.1249, 0.1252, 0.1249, 0.1253, 0.1250],
        [0.1250, 0.1246, 0.1249, 0.1253, 0.1249, 0.1253, 0.1250, 0.1250]],
       device='cuda:0', grad_fn=<SoftmaxBackward>)
tensor([[0.1254, 0.1248, 0.1247, 0.1252, 0.1251, 0.1248, 0.1251, 0.1248],
        [0.1251, 0.1245, 0.1251, 0.1253, 0.1250, 0.1250, 0.1249, 0.1251],
        [0.1249, 0.1245, 0.1249, 0.1251, 0.1249, 0.1251, 0.1252, 0.1253],
        [0.1250, 0.1244, 0.1248, 0.1253, 0.1251, 0.1253, 0.1251, 0.1250],
        [0.1248, 0.1245, 0.1248, 0.1252, 0.1251, 0.1254, 0.1252, 0.1251]],
       device='cuda:0', grad_fn=<SoftmaxBackward>)
#####################
02/16 05:55:11 AM | Train: [ 6/50] Step 000/078 Loss1 3.918 Prec1@(1,5) (51.6%, 95.3%)
02/16 06:01:07 AM | Train: [ 6/50] Step 050/078 Loss1 3.823 Prec1@(1,5) (56.3%, 95.5%)
02/16 06:04:22 AM | Train: [ 6/50] Step 078/078 Loss1 3.809 Prec1@(1,5) (57.1%, 95.3%)
02/16 06:04:22 AM | Train: [ 6/50] Final Prec1@1 57.1200%
02/16 06:04:23 AM | Valid: [ 6/50] Step 000/078 Loss1 1.445 Prec1@(1,5) (48.4%, 89.1%)
02/16 06:04:34 AM | Valid: [ 6/50] Step 050/078 Loss1 1.284 Prec1@(1,5) (53.6%, 93.9%)
02/16 06:04:40 AM | Valid: [ 6/50] Step 078/078 Loss1 1.277 Prec1@(1,5) (54.1%, 94.1%)
02/16 06:04:40 AM | Valid: [ 6/50] Final Prec1@1 54.0600%
02/16 06:04:40 AM | genotype = Genotype(normal=[[('sep_conv_5x5', 1), ('dil_conv_3x3', 0)], [('sep_conv_3x3', 0), ('sep_conv_5x5', 2)], [('dil_conv_3x3', 1), ('sep_conv_5x5', 3)], [('sep_conv_3x3', 3), ('dil_conv_5x5', 4)]], normal_concat=range(2, 6), reduce=[[('sep_conv_3x3', 0), ('sep_conv_3x3', 1)], [('max_pool_3x3', 0), ('dil_conv_5x5', 2)], [('max_pool_3x3', 0), ('sep_conv_5x5', 1)], [('dil_conv_3x3', 4), ('sep_conv_3x3', 3)]], reduce_concat=range(2, 6))
####### ALPHA #######
# Alpha - normal
tensor([[0.1250, 0.1244, 0.1245, 0.1251, 0.1252, 0.1257, 0.1251, 0.1252],
        [0.1248, 0.1244, 0.1246, 0.1249, 0.1257, 0.1253, 0.1252, 0.1253]],
       device='cuda:0', grad_fn=<SoftmaxBackward>)
tensor([[0.1250, 0.1244, 0.1244, 0.1256, 0.1252, 0.1251, 0.1252, 0.1251],
        [0.1249, 0.1240, 0.1244, 0.1254, 0.1253, 0.1251, 0.1252, 0.1256],
        [0.1244, 0.1241, 0.1245, 0.1255, 0.1255, 0.1254, 0.1252, 0.1254]],
       device='cuda:0', grad_fn=<SoftmaxBackward>)
tensor([[0.1251, 0.1242, 0.1246, 0.1253, 0.1251, 0.1253, 0.1251, 0.1254],
        [0.1249, 0.1243, 0.1247, 0.1250, 0.1251, 0.1256, 0.1253, 0.1251],
        [0.1245, 0.1242, 0.1247, 0.1251, 0.1250, 0.1254, 0.1255, 0.1255],
        [0.1245, 0.1242, 0.1246, 0.1253, 0.1255, 0.1254, 0.1251, 0.1253]],
       device='cuda:0', grad_fn=<SoftmaxBackward>)
tensor([[0.1249, 0.1242, 0.1243, 0.1254, 0.1253, 0.1252, 0.1250, 0.1256],
        [0.1247, 0.1244, 0.1248, 0.1251, 0.1254, 0.1249, 0.1251, 0.1256],
        [0.1244, 0.1241, 0.1245, 0.1254, 0.1253, 0.1255, 0.1252, 0.1256],
        [0.1242, 0.1241, 0.1244, 0.1258, 0.1255, 0.1255, 0.1250, 0.1255],
        [0.1242, 0.1240, 0.1243, 0.1253, 0.1253, 0.1256, 0.1257, 0.1256]],
       device='cuda:0', grad_fn=<SoftmaxBackward>)

# Alpha - reduce
tensor([[0.1251, 0.1247, 0.1248, 0.1252, 0.1251, 0.1249, 0.1251, 0.1249],
        [0.1249, 0.1244, 0.1250, 0.1252, 0.1250, 0.1248, 0.1252, 0.1255]],
       device='cuda:0', grad_fn=<SoftmaxBackward>)
tensor([[0.1256, 0.1248, 0.1250, 0.1248, 0.1252, 0.1249, 0.1249, 0.1248],
        [0.1249, 0.1245, 0.1252, 0.1251, 0.1251, 0.1250, 0.1250, 0.1252],
        [0.1250, 0.1243, 0.1248, 0.1249, 0.1252, 0.1252, 0.1253, 0.1253]],
       device='cuda:0', grad_fn=<SoftmaxBackward>)
tensor([[0.1256, 0.1246, 0.1249, 0.1251, 0.1254, 0.1247, 0.1252, 0.1246],
        [0.1251, 0.1245, 0.1250, 0.1251, 0.1254, 0.1249, 0.1250, 0.1250],
        [0.1251, 0.1247, 0.1250, 0.1249, 0.1252, 0.1250, 0.1253, 0.1249],
        [0.1250, 0.1245, 0.1249, 0.1254, 0.1251, 0.1253, 0.1250, 0.1249]],
       device='cuda:0', grad_fn=<SoftmaxBackward>)
tensor([[0.1254, 0.1248, 0.1246, 0.1253, 0.1251, 0.1249, 0.1252, 0.1247],
        [0.1251, 0.1244, 0.1250, 0.1254, 0.1251, 0.1251, 0.1249, 0.1251],
        [0.1249, 0.1243, 0.1249, 0.1252, 0.1250, 0.1251, 0.1253, 0.1253],
        [0.1249, 0.1242, 0.1247, 0.1254, 0.1252, 0.1254, 0.1251, 0.1250],
        [0.1247, 0.1244, 0.1247, 0.1252, 0.1252, 0.1255, 0.1253, 0.1252]],
       device='cuda:0', grad_fn=<SoftmaxBackward>)
#####################
02/16 06:04:48 AM | Train: [ 7/50] Step 000/078 Loss1 3.551 Prec1@(1,5) (64.1%, 100.0%)
02/16 06:10:43 AM | Train: [ 7/50] Step 050/078 Loss1 3.697 Prec1@(1,5) (60.7%, 96.0%)
02/16 06:14:03 AM | Train: [ 7/50] Step 078/078 Loss1 3.681 Prec1@(1,5) (61.2%, 96.2%)
02/16 06:14:03 AM | Train: [ 7/50] Final Prec1@1 61.1800%
02/16 06:14:04 AM | Valid: [ 7/50] Step 000/078 Loss1 1.382 Prec1@(1,5) (48.4%, 98.4%)
02/16 06:14:14 AM | Valid: [ 7/50] Step 050/078 Loss1 1.286 Prec1@(1,5) (54.4%, 94.4%)
02/16 06:14:20 AM | Valid: [ 7/50] Step 078/078 Loss1 1.281 Prec1@(1,5) (54.8%, 94.3%)
02/16 06:14:20 AM | Valid: [ 7/50] Final Prec1@1 54.7600%
02/16 06:14:20 AM | genotype = Genotype(normal=[[('sep_conv_5x5', 1), ('dil_conv_3x3', 0)], [('sep_conv_3x3', 0), ('sep_conv_5x5', 2)], [('sep_conv_5x5', 3), ('dil_conv_3x3', 1)], [('dil_conv_5x5', 4), ('sep_conv_3x3', 3)]], normal_concat=range(2, 6), reduce=[[('sep_conv_3x3', 0), ('sep_conv_3x3', 1)], [('max_pool_3x3', 0), ('dil_conv_5x5', 2)], [('max_pool_3x3', 0), ('sep_conv_5x5', 1)], [('dil_conv_3x3', 4), ('sep_conv_3x3', 3)]], reduce_concat=range(2, 6))
####### ALPHA #######
# Alpha - normal
tensor([[0.1249, 0.1242, 0.1244, 0.1251, 0.1253, 0.1257, 0.1252, 0.1253],
        [0.1248, 0.1243, 0.1245, 0.1248, 0.1258, 0.1252, 0.1253, 0.1253]],
       device='cuda:0', grad_fn=<SoftmaxBackward>)
tensor([[0.1248, 0.1242, 0.1243, 0.1257, 0.1253, 0.1252, 0.1252, 0.1253],
        [0.1249, 0.1239, 0.1244, 0.1254, 0.1254, 0.1252, 0.1252, 0.1256],
        [0.1242, 0.1239, 0.1244, 0.1256, 0.1256, 0.1255, 0.1252, 0.1255]],
       device='cuda:0', grad_fn=<SoftmaxBackward>)
tensor([[0.1250, 0.1240, 0.1244, 0.1254, 0.1251, 0.1253, 0.1252, 0.1254],
        [0.1249, 0.1242, 0.1247, 0.1249, 0.1252, 0.1256, 0.1253, 0.1251],
        [0.1244, 0.1240, 0.1247, 0.1251, 0.1251, 0.1255, 0.1256, 0.1256],
        [0.1244, 0.1241, 0.1245, 0.1253, 0.1256, 0.1255, 0.1251, 0.1254]],
       device='cuda:0', grad_fn=<SoftmaxBackward>)
tensor([[0.1247, 0.1240, 0.1242, 0.1255, 0.1254, 0.1252, 0.1252, 0.1258],
        [0.1246, 0.1243, 0.1247, 0.1251, 0.1254, 0.1249, 0.1253, 0.1257],
        [0.1242, 0.1239, 0.1244, 0.1255, 0.1254, 0.1256, 0.1253, 0.1257],
        [0.1240, 0.1238, 0.1243, 0.1258, 0.1257, 0.1256, 0.1252, 0.1257],
        [0.1239, 0.1238, 0.1242, 0.1254, 0.1254, 0.1257, 0.1258, 0.1258]],
       device='cuda:0', grad_fn=<SoftmaxBackward>)

# Alpha - reduce
tensor([[0.1251, 0.1247, 0.1247, 0.1253, 0.1251, 0.1249, 0.1251, 0.1250],
        [0.1248, 0.1243, 0.1250, 0.1252, 0.1251, 0.1248, 0.1252, 0.1255]],
       device='cuda:0', grad_fn=<SoftmaxBackward>)
tensor([[0.1256, 0.1247, 0.1251, 0.1249, 0.1252, 0.1249, 0.1248, 0.1248],
        [0.1249, 0.1243, 0.1252, 0.1250, 0.1252, 0.1250, 0.1250, 0.1252],
        [0.1250, 0.1242, 0.1248, 0.1249, 0.1252, 0.1252, 0.1253, 0.1254]],
       device='cuda:0', grad_fn=<SoftmaxBackward>)
tensor([[0.1257, 0.1246, 0.1248, 0.1251, 0.1254, 0.1246, 0.1252, 0.1246],
        [0.1250, 0.1244, 0.1250, 0.1250, 0.1255, 0.1250, 0.1250, 0.1251],
        [0.1250, 0.1245, 0.1250, 0.1248, 0.1253, 0.1249, 0.1254, 0.1250],
        [0.1249, 0.1243, 0.1248, 0.1254, 0.1252, 0.1254, 0.1251, 0.1249]],
       device='cuda:0', grad_fn=<SoftmaxBackward>)
tensor([[0.1254, 0.1247, 0.1246, 0.1253, 0.1251, 0.1249, 0.1254, 0.1246],
        [0.1250, 0.1243, 0.1250, 0.1254, 0.1251, 0.1251, 0.1249, 0.1252],
        [0.1250, 0.1242, 0.1249, 0.1253, 0.1250, 0.1250, 0.1253, 0.1253],
        [0.1248, 0.1241, 0.1246, 0.1255, 0.1252, 0.1255, 0.1251, 0.1250],
        [0.1246, 0.1242, 0.1246, 0.1252, 0.1253, 0.1255, 0.1254, 0.1252]],
       device='cuda:0', grad_fn=<SoftmaxBackward>)
#####################
02/16 06:14:28 AM | Train: [ 8/50] Step 000/078 Loss1 3.571 Prec1@(1,5) (60.9%, 98.4%)
02/16 06:20:26 AM | Train: [ 8/50] Step 050/078 Loss1 3.619 Prec1@(1,5) (63.1%, 96.2%)
02/16 06:23:47 AM | Train: [ 8/50] Step 078/078 Loss1 3.631 Prec1@(1,5) (62.4%, 96.3%)
02/16 06:23:47 AM | Train: [ 8/50] Final Prec1@1 62.3600%
02/16 06:23:47 AM | Valid: [ 8/50] Step 000/078 Loss1 1.299 Prec1@(1,5) (56.2%, 93.8%)
02/16 06:23:57 AM | Valid: [ 8/50] Step 050/078 Loss1 1.240 Prec1@(1,5) (57.3%, 95.1%)
02/16 06:24:03 AM | Valid: [ 8/50] Step 078/078 Loss1 1.236 Prec1@(1,5) (57.1%, 94.9%)
02/16 06:24:03 AM | Valid: [ 8/50] Final Prec1@1 57.1200%
02/16 06:24:03 AM | genotype = Genotype(normal=[[('sep_conv_5x5', 1), ('dil_conv_3x3', 0)], [('sep_conv_3x3', 0), ('sep_conv_3x3', 2)], [('sep_conv_5x5', 3), ('dil_conv_5x5', 2)], [('dil_conv_5x5', 4), ('sep_conv_5x5', 3)]], normal_concat=range(2, 6), reduce=[[('sep_conv_3x3', 0), ('sep_conv_3x3', 1)], [('max_pool_3x3', 0), ('dil_conv_5x5', 2)], [('max_pool_3x3', 0), ('sep_conv_3x3', 3)], [('sep_conv_3x3', 3), ('dil_conv_3x3', 4)]], reduce_concat=range(2, 6))
####### ALPHA #######
# Alpha - normal
tensor([[0.1248, 0.1240, 0.1243, 0.1251, 0.1254, 0.1258, 0.1253, 0.1253],
        [0.1247, 0.1241, 0.1245, 0.1248, 0.1259, 0.1253, 0.1254, 0.1254]],
       device='cuda:0', grad_fn=<SoftmaxBackward>)
tensor([[0.1248, 0.1240, 0.1242, 0.1260, 0.1254, 0.1252, 0.1252, 0.1253],
        [0.1248, 0.1237, 0.1243, 0.1255, 0.1256, 0.1252, 0.1253, 0.1256],
        [0.1240, 0.1237, 0.1243, 0.1257, 0.1257, 0.1257, 0.1253, 0.1257]],
       device='cuda:0', grad_fn=<SoftmaxBackward>)
tensor([[0.1250, 0.1239, 0.1243, 0.1255, 0.1251, 0.1254, 0.1252, 0.1256],
        [0.1248, 0.1241, 0.1246, 0.1250, 0.1253, 0.1257, 0.1253, 0.1252],
        [0.1242, 0.1238, 0.1246, 0.1251, 0.1251, 0.1256, 0.1257, 0.1258],
        [0.1242, 0.1238, 0.1244, 0.1253, 0.1258, 0.1257, 0.1252, 0.1256]],
       device='cuda:0', grad_fn=<SoftmaxBackward>)
tensor([[0.1246, 0.1238, 0.1240, 0.1257, 0.1255, 0.1252, 0.1252, 0.1259],
        [0.1245, 0.1241, 0.1246, 0.1252, 0.1256, 0.1249, 0.1254, 0.1258],
        [0.1239, 0.1236, 0.1242, 0.1256, 0.1255, 0.1257, 0.1254, 0.1259],
        [0.1237, 0.1236, 0.1241, 0.1258, 0.1259, 0.1257, 0.1253, 0.1259],
        [0.1236, 0.1235, 0.1239, 0.1256, 0.1255, 0.1258, 0.1261, 0.1260]],
       device='cuda:0', grad_fn=<SoftmaxBackward>)

# Alpha - reduce
tensor([[0.1252, 0.1246, 0.1247, 0.1254, 0.1251, 0.1249, 0.1252, 0.1250],
        [0.1248, 0.1242, 0.1250, 0.1253, 0.1251, 0.1248, 0.1252, 0.1255]],
       device='cuda:0', grad_fn=<SoftmaxBackward>)
tensor([[0.1257, 0.1247, 0.1251, 0.1248, 0.1252, 0.1249, 0.1249, 0.1247],
        [0.1249, 0.1243, 0.1253, 0.1250, 0.1253, 0.1250, 0.1251, 0.1252],
        [0.1250, 0.1240, 0.1247, 0.1249, 0.1253, 0.1253, 0.1255, 0.1254]],
       device='cuda:0', grad_fn=<SoftmaxBackward>)
tensor([[0.1257, 0.1245, 0.1249, 0.1251, 0.1255, 0.1245, 0.1253, 0.1246],
        [0.1251, 0.1244, 0.1251, 0.1249, 0.1255, 0.1250, 0.1250, 0.1251],
        [0.1250, 0.1243, 0.1250, 0.1248, 0.1254, 0.1250, 0.1255, 0.1251],
        [0.1248, 0.1242, 0.1247, 0.1255, 0.1252, 0.1255, 0.1252, 0.1248]],
       device='cuda:0', grad_fn=<SoftmaxBackward>)
tensor([[0.1255, 0.1246, 0.1245, 0.1253, 0.1251, 0.1249, 0.1254, 0.1246],
        [0.1250, 0.1241, 0.1250, 0.1254, 0.1251, 0.1252, 0.1249, 0.1252],
        [0.1250, 0.1240, 0.1249, 0.1254, 0.1249, 0.1250, 0.1255, 0.1253],
        [0.1248, 0.1239, 0.1246, 0.1256, 0.1253, 0.1255, 0.1252, 0.1251],
        [0.1246, 0.1241, 0.1246, 0.1252, 0.1253, 0.1256, 0.1254, 0.1252]],
       device='cuda:0', grad_fn=<SoftmaxBackward>)
#####################
02/16 06:24:11 AM | Train: [ 9/50] Step 000/078 Loss1 3.512 Prec1@(1,5) (60.9%, 98.4%)
02/16 06:30:09 AM | Train: [ 9/50] Step 050/078 Loss1 3.522 Prec1@(1,5) (65.4%, 97.2%)
02/16 06:33:30 AM | Train: [ 9/50] Step 078/078 Loss1 3.509 Prec1@(1,5) (65.7%, 97.0%)
02/16 06:33:30 AM | Train: [ 9/50] Final Prec1@1 65.7000%
02/16 06:33:30 AM | Valid: [ 9/50] Step 000/078 Loss1 1.042 Prec1@(1,5) (62.5%, 98.4%)
02/16 06:33:41 AM | Valid: [ 9/50] Step 050/078 Loss1 1.159 Prec1@(1,5) (59.9%, 95.6%)
02/16 06:33:47 AM | Valid: [ 9/50] Step 078/078 Loss1 1.179 Prec1@(1,5) (59.5%, 95.7%)
02/16 06:33:47 AM | Valid: [ 9/50] Final Prec1@1 59.5200%
02/16 06:33:47 AM | genotype = Genotype(normal=[[('sep_conv_5x5', 1), ('dil_conv_3x3', 0)], [('sep_conv_3x3', 0), ('sep_conv_3x3', 2)], [('sep_conv_5x5', 3), ('dil_conv_5x5', 2)], [('dil_conv_5x5', 4), ('sep_conv_5x5', 3)]], normal_concat=range(2, 6), reduce=[[('sep_conv_3x3', 0), ('dil_conv_5x5', 1)], [('max_pool_3x3', 0), ('dil_conv_5x5', 2)], [('max_pool_3x3', 0), ('sep_conv_3x3', 3)], [('sep_conv_3x3', 3), ('dil_conv_3x3', 4)]], reduce_concat=range(2, 6))
####### ALPHA #######
# Alpha - normal
tensor([[0.1248, 0.1238, 0.1242, 0.1251, 0.1255, 0.1258, 0.1254, 0.1254],
        [0.1245, 0.1239, 0.1243, 0.1249, 0.1260, 0.1254, 0.1255, 0.1254]],
       device='cuda:0', grad_fn=<SoftmaxBackward>)
tensor([[0.1247, 0.1238, 0.1240, 0.1261, 0.1255, 0.1253, 0.1252, 0.1254],
        [0.1247, 0.1235, 0.1241, 0.1256, 0.1257, 0.1253, 0.1253, 0.1258],
        [0.1239, 0.1234, 0.1242, 0.1258, 0.1257, 0.1258, 0.1254, 0.1258]],
       device='cuda:0', grad_fn=<SoftmaxBackward>)
tensor([[0.1249, 0.1237, 0.1242, 0.1257, 0.1252, 0.1254, 0.1253, 0.1257],
        [0.1247, 0.1239, 0.1245, 0.1250, 0.1255, 0.1258, 0.1253, 0.1253],
        [0.1241, 0.1236, 0.1245, 0.1252, 0.1252, 0.1257, 0.1258, 0.1259],
        [0.1239, 0.1236, 0.1242, 0.1253, 0.1260, 0.1259, 0.1253, 0.1258]],
       device='cuda:0', grad_fn=<SoftmaxBackward>)
tensor([[0.1245, 0.1236, 0.1239, 0.1258, 0.1256, 0.1253, 0.1253, 0.1261],
        [0.1243, 0.1239, 0.1244, 0.1253, 0.1257, 0.1249, 0.1255, 0.1260],
        [0.1237, 0.1234, 0.1240, 0.1257, 0.1256, 0.1259, 0.1255, 0.1261],
        [0.1234, 0.1233, 0.1238, 0.1260, 0.1260, 0.1259, 0.1255, 0.1262],
        [0.1234, 0.1232, 0.1236, 0.1257, 0.1256, 0.1260, 0.1262, 0.1263]],
       device='cuda:0', grad_fn=<SoftmaxBackward>)

# Alpha - reduce
tensor([[0.1253, 0.1246, 0.1247, 0.1253, 0.1251, 0.1249, 0.1252, 0.1249],
        [0.1248, 0.1242, 0.1249, 0.1253, 0.1251, 0.1248, 0.1253, 0.1255]],
       device='cuda:0', grad_fn=<SoftmaxBackward>)
tensor([[0.1258, 0.1247, 0.1251, 0.1248, 0.1253, 0.1248, 0.1248, 0.1247],
        [0.1249, 0.1242, 0.1254, 0.1249, 0.1254, 0.1249, 0.1251, 0.1251],
        [0.1250, 0.1239, 0.1247, 0.1249, 0.1253, 0.1253, 0.1255, 0.1255]],
       device='cuda:0', grad_fn=<SoftmaxBackward>)
tensor([[0.1257, 0.1245, 0.1249, 0.1250, 0.1255, 0.1245, 0.1253, 0.1245],
        [0.1250, 0.1243, 0.1251, 0.1249, 0.1255, 0.1250, 0.1251, 0.1251],
        [0.1250, 0.1242, 0.1251, 0.1247, 0.1254, 0.1250, 0.1255, 0.1251],
        [0.1248, 0.1240, 0.1247, 0.1256, 0.1252, 0.1256, 0.1253, 0.1248]],
       device='cuda:0', grad_fn=<SoftmaxBackward>)
tensor([[0.1255, 0.1246, 0.1245, 0.1254, 0.1251, 0.1250, 0.1254, 0.1245],
        [0.1250, 0.1241, 0.1249, 0.1255, 0.1251, 0.1251, 0.1250, 0.1253],
        [0.1250, 0.1239, 0.1249, 0.1254, 0.1249, 0.1250, 0.1255, 0.1254],
        [0.1247, 0.1237, 0.1246, 0.1257, 0.1254, 0.1255, 0.1253, 0.1251],
        [0.1245, 0.1239, 0.1246, 0.1252, 0.1255, 0.1256, 0.1255, 0.1252]],
       device='cuda:0', grad_fn=<SoftmaxBackward>)
#####################
02/16 06:33:55 AM | Train: [10/50] Step 000/078 Loss1 3.600 Prec1@(1,5) (62.5%, 90.6%)
02/16 06:39:49 AM | Train: [10/50] Step 050/078 Loss1 3.456 Prec1@(1,5) (66.3%, 97.3%)
02/16 06:43:09 AM | Train: [10/50] Step 078/078 Loss1 3.445 Prec1@(1,5) (67.0%, 97.3%)
02/16 06:43:09 AM | Train: [10/50] Final Prec1@1 67.0000%
02/16 06:43:10 AM | Valid: [10/50] Step 000/078 Loss1 1.543 Prec1@(1,5) (54.7%, 92.2%)
02/16 06:43:20 AM | Valid: [10/50] Step 050/078 Loss1 1.228 Prec1@(1,5) (57.3%, 95.0%)
02/16 06:43:26 AM | Valid: [10/50] Step 078/078 Loss1 1.216 Prec1@(1,5) (58.1%, 94.9%)
02/16 06:43:26 AM | Valid: [10/50] Final Prec1@1 58.0600%
02/16 06:43:26 AM | genotype = Genotype(normal=[[('sep_conv_5x5', 1), ('dil_conv_3x3', 0)], [('sep_conv_3x3', 0), ('sep_conv_3x3', 2)], [('sep_conv_5x5', 3), ('dil_conv_5x5', 2)], [('dil_conv_5x5', 4), ('sep_conv_3x3', 3)]], normal_concat=range(2, 6), reduce=[[('max_pool_3x3', 0), ('dil_conv_5x5', 1)], [('max_pool_3x3', 0), ('dil_conv_5x5', 2)], [('max_pool_3x3', 0), ('sep_conv_3x3', 3)], [('sep_conv_3x3', 3), ('dil_conv_3x3', 4)]], reduce_concat=range(2, 6))
####### ALPHA #######
# Alpha - normal
tensor([[0.1247, 0.1236, 0.1241, 0.1251, 0.1256, 0.1259, 0.1254, 0.1254],
        [0.1244, 0.1237, 0.1242, 0.1248, 0.1261, 0.1255, 0.1257, 0.1255]],
       device='cuda:0', grad_fn=<SoftmaxBackward>)
tensor([[0.1246, 0.1236, 0.1239, 0.1262, 0.1256, 0.1254, 0.1253, 0.1255],
        [0.1245, 0.1233, 0.1240, 0.1256, 0.1259, 0.1253, 0.1254, 0.1259],
        [0.1237, 0.1232, 0.1241, 0.1259, 0.1258, 0.1259, 0.1254, 0.1260]],
       device='cuda:0', grad_fn=<SoftmaxBackward>)
tensor([[0.1249, 0.1236, 0.1241, 0.1257, 0.1252, 0.1254, 0.1253, 0.1258],
        [0.1246, 0.1237, 0.1244, 0.1251, 0.1256, 0.1259, 0.1254, 0.1254],
        [0.1239, 0.1234, 0.1245, 0.1252, 0.1252, 0.1258, 0.1259, 0.1261],
        [0.1237, 0.1234, 0.1240, 0.1253, 0.1261, 0.1260, 0.1255, 0.1260]],
       device='cuda:0', grad_fn=<SoftmaxBackward>)
tensor([[0.1244, 0.1234, 0.1237, 0.1258, 0.1257, 0.1254, 0.1254, 0.1262],
        [0.1241, 0.1237, 0.1243, 0.1253, 0.1259, 0.1250, 0.1256, 0.1261],
        [0.1234, 0.1231, 0.1239, 0.1259, 0.1257, 0.1260, 0.1256, 0.1263],
        [0.1231, 0.1230, 0.1236, 0.1261, 0.1261, 0.1260, 0.1257, 0.1264],
        [0.1231, 0.1229, 0.1234, 0.1258, 0.1258, 0.1261, 0.1264, 0.1265]],
       device='cuda:0', grad_fn=<SoftmaxBackward>)

# Alpha - reduce
tensor([[0.1254, 0.1246, 0.1246, 0.1253, 0.1251, 0.1249, 0.1251, 0.1250],
        [0.1248, 0.1242, 0.1249, 0.1253, 0.1252, 0.1248, 0.1253, 0.1255]],
       device='cuda:0', grad_fn=<SoftmaxBackward>)
tensor([[0.1259, 0.1247, 0.1252, 0.1247, 0.1253, 0.1248, 0.1248, 0.1246],
        [0.1249, 0.1242, 0.1254, 0.1249, 0.1254, 0.1249, 0.1252, 0.1251],
        [0.1249, 0.1237, 0.1246, 0.1250, 0.1253, 0.1254, 0.1256, 0.1255]],
       device='cuda:0', grad_fn=<SoftmaxBackward>)
tensor([[0.1258, 0.1244, 0.1249, 0.1250, 0.1255, 0.1245, 0.1253, 0.1245],
        [0.1251, 0.1243, 0.1252, 0.1249, 0.1256, 0.1249, 0.1251, 0.1251],
        [0.1249, 0.1241, 0.1251, 0.1247, 0.1255, 0.1250, 0.1255, 0.1252],
        [0.1247, 0.1239, 0.1247, 0.1257, 0.1254, 0.1256, 0.1253, 0.1247]],
       device='cuda:0', grad_fn=<SoftmaxBackward>)
tensor([[0.1256, 0.1245, 0.1245, 0.1254, 0.1251, 0.1251, 0.1254, 0.1244],
        [0.1249, 0.1240, 0.1248, 0.1256, 0.1252, 0.1252, 0.1250, 0.1253],
        [0.1248, 0.1236, 0.1249, 0.1256, 0.1250, 0.1250, 0.1256, 0.1255],
